0.000000000000000000e+00 5.402782939014823260e-02 9.032164829266278727e-02 1.119162640901771311e-01 7.993723935752920784e-02 1.756885090218423540e-01 9.837317808332300684e-02 7.126636112143358570e-02 2.647921053718155227e-01 5.367686527106817207e-02
0.000000000000000000e+00 7.320487483530961625e-02 7.285490777338603230e-02 9.525279973649539156e-02 4.697793148880105574e-02 7.260787220026350408e-02 6.787302371541502344e-02 7.907196969696969613e-02 3.937335309617918111e-01 9.842308959156785553e-02
0.000000000000000000e+00 6.537102473498233868e-02 8.708603829402580820e-02 1.215588791190730517e-01 5.883803106253595455e-02 1.231613115292957555e-01 7.765633988002300370e-02 6.740488125564959854e-02 3.241022269701701042e-01 7.482126715424439189e-02
0.000000000000000000e+00 5.656071384514165662e-02 7.013035075455405221e-02 1.153419137300053521e-01 6.663514124758419810e-02 1.684896582918705421e-01 9.262305193470125875e-02 7.274147785681976675e-02 2.910275915950491510e-01 6.645010074427402935e-02
0.000000000000000000e+00 6.394689645220474894e-02 8.792182893895977847e-02 1.080211919437630147e-01 8.847842668370817232e-02 1.441175864272609131e-01 9.686862231750809071e-02 7.262569832402235304e-02 2.707744954544517579e-01 6.724525345812117083e-02
0.000000000000000000e+00 6.676916769167691446e-02 7.640426404264043236e-02 9.401394013940139738e-02 5.883558835588355990e-02 1.126691266912669132e-01 7.826978269782697284e-02 7.123821238212382778e-02 3.591430914309143296e-01 8.265682656826568719e-02
0.000000000000000000e+00 5.941001977587343635e-02 8.081328279499011558e-02 1.335283454185893226e-01 9.111321687541200365e-02 1.617295649307844418e-01 9.313200395517468033e-02 6.876235992089650695e-02 2.517509887936716928e-01 5.976021753460777908e-02
0.000000000000000000e+00 7.594962840627580980e-02 8.053261767134599347e-02 1.012180016515276670e-01 7.223369116432699910e-02 8.424855491329480417e-02 7.376135425268373624e-02 7.320396366639141117e-02 3.511767134599504403e-01 8.767547481420313871e-02
0.000000000000000000e+00 6.132882557875857926e-02 6.060730998371436501e-02 9.091096497557153711e-02 5.695850254591931089e-02 1.282442433362881162e-01 6.862644045434868056e-02 7.110020820878600045e-02 3.834133872064977577e-01 7.881011771011564582e-02
0.000000000000000000e+00 6.938054551429510830e-02 9.283601708839959998e-02 1.236855077226421268e-01 8.759858692080184361e-02 1.077062109760105191e-01 8.484636871508380307e-02 7.166036805783765340e-02 2.900509365757475977e-01 7.223545842918173421e-02
0.000000000000000000e+00 6.182306738321620421e-02 8.774286895411327614e-02 1.432823480777180580e-01 7.213724679619677727e-02 1.383422902025630563e-01 7.802811078958246660e-02 6.794129805704836322e-02 2.816866473749483069e-01 6.901612236461347749e-02
0.000000000000000000e+00 7.537667698658410964e-02 8.499484004127967618e-02 1.003508771929824545e-01 6.435500515995871973e-02 9.079463364293086092e-02 8.006191950464396079e-02 7.725490196078431404e-02 3.422910216718266230e-01 8.452012383900928127e-02
0.000000000000000000e+00 6.515307170741729825e-02 8.915142798438463467e-02 1.355249640435586544e-01 9.628107663858639920e-02 1.194575713992192256e-01 8.060406821450585846e-02 7.117320731456749927e-02 2.760427367988493863e-01 6.661187589891102989e-02
0.000000000000000000e+00 4.551732668164670814e-02 5.784493599125935248e-02 7.509946607845967292e-02 6.046300686470551522e-02 1.121647529324455300e-01 7.332659918777958974e-02 6.110206353460182621e-02 4.580799439279308882e-01 5.640190480117091704e-02
0.000000000000000000e+00 5.529147889787435627e-02 5.926291746404099142e-02 8.288577484206843815e-02 6.105315142910056059e-02 9.340082721155626433e-02 6.685597876412124885e-02 5.337778052143136304e-02 4.751527872090869908e-01 5.271930366071980040e-02
0.000000000000000000e+00 7.339241081572370207e-02 8.580694470265022578e-02 1.162339137799260486e-01 6.764991427568115001e-02 1.058437132056763985e-01 7.973394476461960478e-02 7.182251967528041625e-02 3.171593232942926388e-01 8.235731548614984299e-02
0.000000000000000000e+00 6.885448916408669351e-02 9.438596491228069818e-02 1.227244582043343635e-01 1.007223942208462369e-01 1.347162022703818351e-01 9.345717234262125583e-02 6.813209494324044824e-02 2.516408668730650278e-01 6.536635706914344091e-02
0.000000000000000000e+00 6.345679012345678549e-02 9.759259259259259189e-02 1.596296296296296213e-01 7.839506172839506848e-02 1.368312757201645968e-01 7.940329218106996489e-02 6.125514403292180859e-02 2.714814814814814903e-01 5.195473251028806527e-02
0.000000000000000000e+00 6.107851470984595327e-02 7.888789832687163883e-02 1.464142806792030349e-01 6.883254203553583472e-02 1.440714863267887058e-01 8.191487156096448341e-02 6.599216304190076710e-02 2.828768685339912436e-01 6.993137478489830361e-02
0.000000000000000000e+00 6.367389060887512775e-02 9.118679050567594924e-02 1.227244582043343635e-01 1.024974200206398289e-01 1.210526315789473700e-01 8.951496388028895579e-02 6.959752321981424461e-02 2.735397316821465696e-01 6.621259029927760442e-02
0.000000000000000000e+00 7.623327629924343818e-02 8.421117730730380557e-02 9.812612092601373515e-02 4.881568368756313003e-02 8.212908944731905914e-02 7.711970974458347283e-02 8.097466449524830245e-02 3.611700921478488424e-01 9.122018594487621423e-02
0.000000000000000000e+00 8.117647058823529438e-02 8.074303405572755277e-02 7.766769865841073595e-02 6.641898864809081537e-02 7.618163054695561986e-02 7.494324045407636803e-02 7.603715170278638191e-02 3.833023735810113242e-01 8.352941176470587981e-02
0.000000000000000000e+00 7.145065864066461880e-02 8.608711785441876263e-02 1.083510276443546555e-01 6.330783978230843101e-02 1.107011070110701101e-01 8.340720278711166724e-02 7.711970974458347283e-02 3.174462470881692089e-01 8.212908944731905914e-02
0.000000000000000000e+00 7.281332671957671532e-02 8.779761904761904101e-02 8.767361111111110494e-02 6.324404761904761640e-02 9.261326058201058142e-02 7.915839947089947648e-02 6.932043650793651146e-02 3.745659722222222099e-01 7.281332671957671532e-02
0.000000000000000000e+00 7.072368421052631360e-02 7.545230263157894079e-02 9.185855263157895190e-02 5.590049342105263275e-02 1.018503289473684237e-01 7.360197368421052266e-02 7.808388157894737003e-02 3.700657894736842368e-01 8.246299342105263552e-02
0.000000000000000000e+00 7.819175156095957424e-02 8.252546828787381272e-02 8.657163982911600386e-02 4.660285902070325503e-02 6.699802826158396396e-02 7.120851133749589446e-02 8.106720341767992277e-02 3.871795925073940325e-01 9.965494577719355429e-02
0.000000000000000000e+00 8.204172723736205541e-02 9.301611351118936610e-02 1.049937552466165686e-01 6.515018120022111892e-02 9.516594664318912822e-02 7.690260232181977962e-02 7.405663274707724453e-02 3.279826375381339476e-01 8.069040355439077716e-02
0.000000000000000000e+00 8.462332301341589369e-02 7.682146542827657243e-02 5.997936016511867807e-02 5.029927760577915241e-02 5.605779153766769773e-02 6.771929824561404021e-02 8.105263157894736226e-02 4.229308565531475494e-01 1.005159958720330260e-01
0.000000000000000000e+00 6.545177183615411010e-02 7.485208930301592845e-02 9.365272423673957902e-02 5.615452802572718644e-02 1.575171617637964039e-01 9.185924261477251829e-02 6.988393906285431112e-02 3.080253148900203852e-01 8.260322826691954279e-02
0.000000000000000000e+00 7.648065307468716878e-02 8.742707538807231726e-02 7.390381166381496114e-02 6.559607495516295295e-02 7.239893627986558611e-02 7.660434146240903408e-02 8.678801871817601321e-02 3.728380300562781913e-01 8.796305840153373357e-02
0.000000000000000000e+00 8.289183450493722849e-02 8.849904141499514987e-02 8.087159083881341470e-02 6.174112020449813720e-02 7.147127337195159635e-02 7.660434146240903408e-02 8.227339256632790199e-02 3.664062338947411956e-01 8.924117174132635555e-02
0.000000000000000000e+00 8.095404976396132490e-02 9.507514069554102998e-02 9.726030221196066416e-02 6.866766991692263566e-02 8.903502442845658005e-02 8.924117174132635555e-02 8.188171267187532854e-02 3.174668618194561587e-01 8.041806675049990860e-02
0.000000000000000000e+00 7.603715170278638191e-02 7.820433436532507609e-02 8.255933952528379804e-02 5.523219814241486086e-02 8.412796697626419296e-02 7.902992776057791990e-02 7.979360165118679071e-02 3.777089783281733504e-01 8.730650154798762219e-02
0.000000000000000000e+00 8.532437279680059328e-02 9.206538992764229379e-02 7.755261910161001526e-02 7.338844338164052239e-02 7.367704961965820809e-02 7.829474942794120707e-02 7.747016017646210506e-02 3.571296048156012426e-01 8.509761075264384023e-02
0.000000000000000000e+00 7.878950297882866827e-02 8.874641819043889435e-02 8.742707538807231726e-02 7.107959347749902290e-02 9.317858541713908149e-02 8.487084870848708718e-02 8.324228493681584684e-02 3.283926694015543712e-01 8.427302150116473822e-02
0.000000000000000000e+00 7.673213311511184465e-02 8.963447899618112724e-02 9.020731042007637535e-02 6.868521549372613721e-02 8.720676486633933966e-02 9.296235679214402692e-02 8.314238952536824601e-02 3.225040916530278468e-01 8.892525913802509785e-02
0.000000000000000000e+00 7.965532169288173925e-02 8.398441526314703864e-02 7.378012327609309584e-02 5.279432682594982496e-02 7.466655672143313049e-02 8.062421406336968410e-02 8.788059947638582337e-02 3.710445484343111722e-01 9.556989424642849118e-02
0.000000000000000000e+00 6.261133064433570261e-02 6.705431911713519155e-02 9.735672897770315803e-02 5.288589504719395928e-02 9.074343277164677313e-02 6.963411887553490331e-02 7.035072991953481014e-02 4.146106754570954567e-01 7.475276918982003138e-02
0.000000000000000000e+00 8.146542827657378416e-02 8.625386996904024772e-02 8.885448916408668352e-02 6.187822497420020912e-02 8.676986584107326816e-02 7.731682146542827316e-02 7.729618163054695346e-02 3.530030959752322173e-01 8.716202270381837036e-02
0.000000000000000000e+00 7.994392793089942495e-02 8.759199323836813766e-02 8.456162773918242392e-02 6.468902677853594074e-02 7.450163887113731009e-02 7.957286276773382905e-02 7.878950297882866827e-02 3.603248881650827906e-01 9.002453153023150245e-02
0.000000000000000000e+00 6.814799503927242152e-02 7.885489871847871368e-02 7.153782554774699987e-02 7.546506821000413534e-02 1.035345183960314219e-01 9.871847871021083298e-02 1.047126911947085515e-01 3.204216618437371045e-01 7.860686233980983262e-02
0.000000000000000000e+00 7.993344015777148481e-02 1.159250585480093715e-01 1.138091129463001810e-01 1.002917128887793191e-01 1.029417806812112229e-01 9.443691195201117661e-02 7.469493405645261097e-02 2.502567895147705390e-01 6.771025925469410789e-02
0.000000000000000000e+00 7.134791089210552884e-02 8.101837593676214366e-02 8.785545631865311622e-02 7.703521199055538005e-02 1.115080587208705509e-01 8.684939944564212810e-02 8.344112514115593904e-02 3.210348013550969881e-01 7.990966019915819729e-02
0.000000000000000000e+00 7.132549989692846260e-02 8.804370232941662044e-02 1.187384044526901689e-01 7.699443413729127605e-02 1.088847660276231755e-01 8.169449598021026604e-02 7.660276231704803152e-02 2.997320140177283099e-01 7.798392084106370303e-02
0.000000000000000000e+00 7.060887512899896579e-02 8.953560371517027550e-02 1.036326109391124822e-01 8.462332301341589369e-02 1.151496388028895729e-01 9.422084623323014052e-02 7.795665634674922573e-02 2.940763673890608998e-01 7.019607843137254388e-02
0.000000000000000000e+00 6.872951411078356831e-02 9.705415489909088866e-02 1.348203426168339825e-01 9.517821435197591773e-02 1.049495969820033459e-01 8.934424539776124330e-02 7.206910057927394531e-02 2.692696200705023690e-01 6.858521099177472546e-02
0.000000000000000000e+00 7.914469347396176080e-02 9.319380355965721507e-02 1.116306855636123863e-01 7.121374423203691295e-02 7.922709294660514046e-02 7.677570863546473445e-02 7.720830586684244989e-02 3.276203032300593065e-01 8.398566249176005194e-02
0.000000000000000000e+00 7.616099071207430016e-02 8.879256965944272439e-02 8.412796697626419296e-02 7.349845201238390524e-02 1.212383900928792613e-01 9.298245614035087481e-02 8.055727554179566152e-02 3.008049535603715130e-01 8.183694530443756665e-02
0.000000000000000000e+00 7.984085427446453720e-02 1.076707415118843963e-01 1.080830361376239473e-01 9.299305283555628354e-02 1.149065121936135581e-01 9.806427673215280250e-02 7.547053124162526883e-02 2.557875858088189958e-01 6.718340926426023818e-02
0.000000000000000000e+00 8.046260855249619259e-02 1.001152405646787702e-01 9.231592377659793291e-02 8.056550191381652015e-02 9.470304975922953783e-02 9.622587150677038015e-02 8.212948100588550460e-02 2.938634399308556744e-01 7.961888298966950106e-02
0.000000000000000000e+00 6.925925925925925652e-02 9.818930041152262866e-02 1.055349794238683164e-01 8.874485596707819279e-02 1.104526748971193378e-01 1.026131687242798352e-01 9.049382716049382547e-02 2.634567901234567966e-01 7.125514403292181054e-02
0.000000000000000000e+00 5.816536404771698726e-02 7.338543809132044848e-02 6.962155491567256771e-02 7.632661456190867333e-02 1.939942410530645922e-01 9.823118058412176612e-02 9.267791032496915105e-02 2.790004113533525176e-01 5.859728506787330315e-02
0.000000000000000000e+00 8.276839640083816230e-02 1.079543120095320247e-01 1.392826328115370493e-01 8.636344960762562528e-02 1.006820329512305295e-01 7.892682525987099185e-02 6.670364435679362880e-02 2.679239081309832127e-01 6.939479847158880332e-02
0.000000000000000000e+00 5.700722394220845979e-02 6.406604747162022995e-02 6.218782249742001861e-02 5.029927760577915241e-02 9.661506707946336536e-02 7.230134158926727894e-02 6.652218782249741391e-02 4.678844169246645923e-01 6.311661506707946789e-02
0.000000000000000000e+00 7.486564696155435794e-02 8.737081438610996842e-02 8.499379909053328408e-02 7.594047126911947221e-02 1.205663497312939175e-01 8.768085985944605587e-02 7.794543199669284883e-02 3.111823067383216457e-01 7.945431996692847720e-02
0.000000000000000000e+00 6.970069700697006931e-02 9.102091020910209329e-02 1.558220582205822047e-01 8.847888478884788355e-02 8.478884788847888820e-02 7.302173021730216929e-02 7.267322673226732366e-02 2.918819188191881797e-01 7.261172611726117443e-02
0.000000000000000000e+00 6.695562435500515552e-02 8.658410732714137692e-02 1.016924664602683187e-01 9.351909184726521496e-02 1.229721362229102138e-01 1.011764705882352983e-01 8.113519091847265496e-02 2.759339525283797667e-01 7.003095975232198622e-02
0.000000000000000000e+00 6.875090461716601431e-02 7.441639269689638569e-02 7.547091785042284173e-02 8.113640593015321312e-02 1.692409486590988887e-01 1.012550917023344321e-01 7.805553832475239928e-02 2.772160535946901483e-01 7.445774662448566283e-02
0.000000000000000000e+00 7.837301587301587213e-02 9.104249338624338661e-02 8.664021164021164234e-02 7.144923941798941858e-02 1.446552579365079361e-01 8.878968253968254343e-02 7.417741402116402594e-02 2.872230489417989530e-01 7.764963624338624970e-02
0.000000000000000000e+00 6.035761371127224689e-02 7.661090969017798902e-02 7.926829268292683028e-02 8.746704021094264814e-02 1.807020435069215669e-01 9.212261041529334893e-02 7.582811470006592391e-02 2.808586025049439883e-01 6.678477257745550622e-02
0.000000000000000000e+00 6.808118081180811187e-02 6.965969659696596983e-02 1.258917589175891638e-01 4.649446494464944818e-02 1.127716277162771619e-01 6.473964739647396216e-02 6.810168101681016162e-02 3.555555555555555691e-01 8.870438704387044460e-02
0.000000000000000000e+00 7.297542097245666992e-02 8.038618304582320628e-02 9.220223146280209781e-02 6.801432747334183737e-02 9.356087117625262739e-02 8.067437934867635607e-02 7.836880892585121328e-02 3.504467042694223711e-01 8.337107332537362081e-02
0.000000000000000000e+00 6.317733990147783585e-02 6.793924466338259471e-02 1.149425287356321823e-01 5.821018062397372711e-02 1.244663382594417139e-01 7.487684729064039701e-02 6.691297208538588004e-02 3.475369458128078626e-01 8.193760262725779953e-02
0.000000000000000000e+00 7.124451132779484330e-02 5.687604362077140069e-02 9.212723412150322644e-02 3.510688738172297596e-02 1.019398462141045958e-01 5.679358469562349049e-02 7.089406089591622495e-02 4.045847162382238404e-01 1.104331155043394019e-01
0.000000000000000000e+00 8.387176681873542705e-02 7.906199038044711691e-02 9.041553991288731051e-02 5.107033007864913293e-02 1.036682286398447617e-01 7.373614350886609214e-02 6.882315298391925018e-02 3.607332328716223446e-01 8.861961480502858479e-02
0.000000000000000000e+00 7.517173296038830166e-02 9.353790465221505090e-02 1.171074822096993123e-01 6.776767718316811795e-02 1.133643206778824353e-01 7.780428612562215185e-02 7.323845172966969574e-02 3.059314713504174832e-01 7.607667311093743723e-02
0.000000000000000000e+00 5.815415696056401573e-02 6.503947721041455909e-02 1.099177472221649632e-01 5.992702385124409892e-02 1.518481106598775499e-01 8.258261353563256524e-02 7.378012327609309584e-02 3.317322558700447344e-01 6.701849141396441778e-02
0.000000000000000000e+00 6.153846153846154188e-02 6.408205128205128609e-02 1.060923076923076941e-01 4.804102564102564338e-02 1.395692307692307788e-01 7.421538461538461362e-02 6.972307692307692928e-02 3.536000000000000254e-01 8.313846153846153608e-02
0.000000000000000000e+00 5.625760168216207419e-02 6.982209486899337847e-02 9.247768455338184479e-02 8.994207260508359225e-02 1.596610938176420968e-01 9.136448906388505709e-02 7.788245480220165606e-02 2.995114308684986293e-01 6.308107773815167796e-02
0.000000000000000000e+00 6.062792471500134256e-02 6.244202106825537391e-02 1.201426539405058835e-01 7.534684285390340353e-02 1.341400564843637233e-01 7.516131027232060557e-02 6.394689645220474894e-02 3.439567915232225048e-01 6.423550269022243464e-02
0.000000000000000000e+00 4.442474592343689105e-02 4.617699808282998974e-02 8.247953987919767749e-02 5.809231276670308308e-02 2.601785235729452417e-01 8.441732462017358107e-02 8.188171267187532854e-02 2.833082520769341639e-01 5.904059040590405733e-02
0.000000000000000000e+00 7.995810055865922028e-02 9.289763391390075398e-02 1.125739401906013792e-01 6.065149523496549122e-02 1.115059152152481081e-01 8.051265198816956459e-02 6.938054551429510830e-02 3.126437725928360445e-01 7.987594479132435754e-02
0.000000000000000000e+00 6.956001073648132582e-02 7.261577849813144470e-02 9.629797865091982434e-02 5.209258150434620954e-02 1.279086573204220312e-01 7.135630665042429210e-02 7.005554064377593482e-02 3.643383643383643622e-01 7.577478165713459612e-02
0.000000000000000000e+00 6.668037844508432899e-02 6.057178116001645657e-02 1.124228712464006574e-01 3.858494446729740512e-02 1.230974907445495647e-01 5.750719868366926946e-02 6.328671328671328644e-02 3.876799670917318030e-01 9.016865487453722128e-02
0.000000000000000000e+00 5.912304933105196753e-02 6.514255086684944684e-02 9.670370446721227031e-02 5.269125316951493720e-02 1.026407470778618464e-01 7.536745758519038108e-02 6.087530149044507316e-02 4.206848213733533903e-01 6.677111463852068718e-02
0.000000000000000000e+00 5.674443440400887134e-02 5.621046578493386903e-02 1.220734412223773990e-01 5.163065801363674046e-02 1.038158219009282790e-01 8.613324570771378752e-02 8.038281442536761301e-02 3.632218844984802519e-01 7.978723404255319562e-02
0.000000000000000000e+00 7.792234528760241807e-02 7.230205459710956073e-02 8.278091159879770455e-02 5.039733190595792334e-02 1.020093053897146579e-01 8.253386585416065679e-02 8.341911310577675154e-02 3.545106435541647838e-01 9.412442870671552941e-02
0.000000000000000000e+00 5.800985384155517288e-02 5.683481415819744559e-02 9.705415489909088866e-02 4.776433239192726804e-02 1.447772578284441947e-01 6.367890494547404079e-02 6.308107773815167796e-02 3.984209115834175252e-01 7.037869261374178620e-02
0.000000000000000000e+00 4.702220206559607624e-02 4.075532375435485938e-02 7.107959347749902290e-02 3.285988167144241606e-02 7.961409223030778415e-02 4.500195839947226245e-02 4.821785648024078108e-02 5.749654703250942633e-01 6.048362159599249277e-02
0.000000000000000000e+00 6.466841204724896319e-02 6.522500979199735704e-02 9.726030221196066416e-02 5.304170360139355556e-02 1.754107485208930284e-01 7.103836401492506780e-02 6.182357912964604740e-02 3.317322558700447344e-01 7.979962481189058210e-02
